1 -0.52786 -0.38966 -0.01587
1 -0.19491 -0.49111 -0.03584
1 0.0602 0.17502 0.28561
1 -0.22221 0.38901 -0.09339
1 -0.4154 -0.37786 0.19264
1 1.00584 1.40213 -0.19008
1 -0.66329 -0.54642 -0.91889
1 0.20291 0.23274 -0.20734
1 0.79862 0.45442 1.41073
1 -0.40917 0.65297 -0.77513
1 -0.8082 0.02622 -0.91043
1 -0.55309 -1.37197 -0.32339
1 0.56073 -0.08661 1.09032
1 -0.11614 -0.31682 0.18774
1 0.10222 0.66607 0.30082
1 -0.48754 -0.66436 -0.72424
1 1.24659 0.89236 1.2929
1 0.65197 0.24552 -0.38143
1 -0.23869 -0.79914 0.00296
1 -1.22664 -0.34035 -1.30941
1 -0.02655 -0.55623 -0.10476
1 -1.22483 -1.25851 -1.56285
1 -0.82835 0.52262 -0.23501
1 0.76986 1.35165 0.88975
1 0.85855 1.30894 0.34064
1 -2.65995 -1.65713 -2.64895
1 -0.44928 0.3396 -0.6283
1 -0.81421 -0.56174 -1.09736
1 -1.4287 -0.47602 -0.57573
1 0.27705 0.20083 0.19856
1 -0.08415 -0.5246 0.29837
1 -2.20343 -1.7619 -1.19814
1 -2.45293 -1.74041 -1.88247
1 -2.38428 -1.39095 -1.64878
1 0.24849 -0.14317 0.0072
1 0.0386 -0.50637 -1.33526
1 0.88091 0.2998 0.07447
1 0.32495 1.32526 0.05504
1 -0.10659 -1.24798 0.34179
1 0.66855 0.16847 1.04091
1 -0.78945 -0.86755 -0.49952
1 0.05887 1.82411 -0.3277
1 -0.38 0.83762 -0.21309
1 -1.97563 -0.81888 -1.31237
1 -0.47931 -0.75283 -1.15766
1 -2.15492 -1.30767 -1.97532
1 1.66022 1.44695 2.43688
1 -0.51513 -0.52631 -1.10705
1 -0.94221 -0.54706 -1.20831
1 1.04795 1.18376 1.06082
1 1.0257 0.57977 0.92121
1 -1.36807 -1.54565 -0.93437
1 1.10382 0.16742 1.22614
1 -0.25172 -0.31618 -0.75364
1 0.74167 0.66733 0.80784
1 -0.05089 -0.18418 -0.18601
1 -0.07934 -0.54845 -0.54313
1 -1.05497 -0.61388 -0.37024
1 -2.14562 -1.81739 -1.88265
1 2.38845 2.15285 2.45154
1 -0.81971 -0.17923 -0.92992
1 1.39275 1.159 0.71382
1 -0.66072 -0.41658 -0.40164
1 -2.42272 -1.51618 -2.79667
1 0.35775 0.65029 1.11586
1 0.431 1.45698 0.07688
1 0.32958 -0.64852 -0.14167
1 -1.33262 -1.337 -1.37921
1 -0.81878 -0.41995 -0.64219
1 2.47036 1.34194 2.39754
1 0.2075 0.07725 0.49735
1 1.31169 0.84142 1.4925
1 0.14201 0.87665 0.17722
1 -1.82113 -1.93846 -1.70497
1 0.08497 -1.06051 -0.30285
1 -0.4111 -0.69218 -0.22288
1 -0.32647 -0.51824 0.40263
1 2.40625 0.87577 1.69048
1 1.18502 -0.08203 1.76451
1 -0.00568 -0.78963 -0.45826
1 0.00898 -0.32138 0.85931
1 -0.28236 -0.66797 0.52147
1 -0.22291 0.31089 0.16578
1 -1.58803 -1.84761 -0.21241
1 -1.22864 -0.91013 -1.71929
1 -1.60569 -1.60951 -1.86567
1 -1.28065 -0.59082 -1.06381
1 -0.18828 0.17838 -0.81288
1 0.78846 -0.31545 0.36872
1 -0.71921 -0.65784 -0.65345
1 0.22261 0.71892 -0.48707
1 1.45828 0.8872 1.44767
1 -1.1091 -1.51135 -0.99888
1 1.53725 0.51872 1.34684
1 0.84317 0.91488 0.89806
1 -0.27406 -0.52529 -0.41362
1 -1.0901 0.25751 -1.41097
1 -1.42481 -1.75155 -1.27028
1 0.79746 0.5891 0.63937
1 0.76054 0.71341 1.01339
1 1.64841 0.10771 1.78512
1 0.74318 1.09739 1.24097
1 0.17491 -0.20227 0.50328
1 0.60007 1.1722 0.83745
1 0.35701 0.01952 0.57068
1 1.09704 0.6615 1.54481
1 0.18104 0.34094 0.37984
1 -0.20222 -1.16174 -0.21332
1 -1.86719 0.10108 -2.29989
1 0.02868 -0.14961 0.31124
1 0.72331 1.04977 0.48385
1 1.3918 1.20079 1.11944
1 -1.84878 -1.15219 -1.92473
1 -0.13458 -0.9033 0.35616
1 -0.82433 -0.05919 -1.33527
1 -0.42407 0.31109 -0.96291
1 -1.23587 -0.15219 -1.88856
1 -0.83575 -0.4782 -0.44594
1 -1.33783 -1.85135 -1.86345
1 1.09635 0.30788 1.56566
1 -1.61518 -1.19695 -0.65729
1 -0.82958 -0.90534 0.29165
1 0.1144 -0.18716 0.05201
1 -0.34946 -1.149 -0.27335
1 0.70092 0.5368 1.24044
1 1.0988 1.10929 1.3447
1 1.08871 1.54764 0.72165
1 -0.07301 -0.89238 -0.45619
1 -0.41226 1.59164 -0.63421
1 -0.08502 0.95375 -0.09614
1 -1.46165 -1.29889 -0.84422
1 0.08109 -0.58353 0.28306
1 0.90063 -0.22349 0.98169
1 -0.14129 0.96867 0.07016
1 -1.20321 -2.06728 -0.78256
1 -0.23456 0.81439 -0.30032
1 0.59474 0.96169 1.04672
1 -0.50094 -0.50957 -0.42175
1 0.27675 -0.06253 -0.09807
1 1.42368 0.5241 1.20538
1 -0.97164 0.85602 -0.5756
1 1.14336 1.19358 1.2131
1 0.73687 0.64505 1.0683
1 2.30483 1.40458 1.70079
1 1.61169 0.26861 1.79689
1 -0.45947 -0.30164 0.37782
1 2.14913 1.44736 1.73995
1 -1.91992 -0.76885 -1.42903
1 0.8172 -0.53299 0.78407
1 -1.50901 -0.31744 -2.05505
1 1.26041 1.32001 0.3371
1 -1.5425 -0.48018 -0.96917
1 1.08364 0.00266 0.81347
1 0.62827 0.72605 0.47306
1 1.6925 0.39149 2.0063
1 0.62819 0.38538 1.07842
1 -1.84789 -1.49893 -2.01409
1 0.48808 0.35972 0.36238
1 0.59356 0.08945 0.6932
1 1.23105 0.62283 0.64154
1 -0.1233 0.45269 0.18847
1 -0.44722 -0.19895 -0.18894
1 -0.50234 0.07283 -1.24149
1 2.01899 0.63674 1.74834
1 0.33578 0.93822 0.9603
1 -0.81765 0.11125 -1.20501
1 -0.99495 -0.58785 -1.23302
1 0.81868 1.08508 0.69519
1 -0.21684 -1.28886 0.01628
1 -0.68776 0.0272 -0.37969
1 -1.38579 -0.1767 -0.68318
1 0.08387 -0.97521 0.00861
1 0.14854 -0.05262 -0.55346
1 -0.76321 -0.5616 0.03965
1 3.02353 1.60419 2.09541
1 -0.69011 -0.40037 -0.68756
1 -1.29837 -1.97453 -1.07215
1 0.45098 -0.15452 0.75788
1 -1.11036 -0.18048 -0.60147
1 2.39965 1.63771 1.65672
1 1.31165 0.93516 1.4688
1 1.40666 0.24825 1.27116
1 -0.48863 0.36499 -0.02494
1 0.63564 -0.80864 0.06563
1 0.69018 -0.42765 1.09109
1 -0.59746 -0.10998 -0.81281
1 -1.258 -1.12322 -0.59504
1 -0.30208 -0.22241 0.04696
1 -0.98683 0.17857 -0.12338
1 -1.66756 0.2364 -1.60002
1 -0.99833 -0.54796 -1.43962
1 -0.28881 0.37929 -0.4563
1 -0.02461 -0.62998 -0.60019
1 -0.62605 -0.29817 -0.93731
1 -1.33398 -1.05672 -0.91436
1 -0.07394 -0.5575 -0.01398
1 -1.54753 -0.82743 -1.81433
1 0.93462 0.53467 1.12213
1 0.84769 0.53733 1.11589
1 0.33763 0.05845 0.14353
1 1.65226 1.34603 1.57594
1 1.52352 0.80011 2.07256
1 0.03997 -0.07108 0.45232
1 -1.27212 -0.8616 -0.88804
1 0.09661 -0.62157 -0.2815
1 -0.72948 -0.01851 -0.00108
1 -0.3178 1.30637 -0.58083
1 0.70039 -0.2542 1.4079
1 0.22323 -0.00073 0.16804
1 -1.41571 -0.10663 -1.71013
1 -0.36446 -0.74195 -0.30653
1 1.57887 0.89263 1.47472
1 0.50053 0.28833 0.1928
1 -0.472 -1.64451 -0.9151
1 1.6574 0.61684 0.85232
1 -2.23298 -0.44274 -2.04887
1 -0.33506 -0.45631 -0.06817
1 1.25868 1.46048 0.78655
1 1.16526 1.77556 0.78017
1 0.3174 0.0524 0.40613
1 -0.72201 -0.70017 -0.72296
1 1.41562 2.01349 1.66841
1 -0.55102 0.07172 -0.74531
1 -0.1425 0.23722 -0.16464
1 -0.48281 -1.4824 -1.26263
1 -0.33952 -0.49714 -0.29859
1 0.94035 0.34717 1.05969
1 0.00198 0.10062 0.41353
1 0.54851 -0.99372 0.95145
1 0.61592 0.04698 0.43965
1 0.35537 0.02059 0.23119
1 1.45607 0.85766 1.65315
1 0.20449 -0.08804 -0.08257
1 -1.42464 -0.30513 -1.2565
1 -2.68372 -0.84314 -1.80852
1 -0.34897 0.48153 0.4871
1 0.00704 -0.51579 0.07401
1 1.09379 0.66886 1.01237
1 -0.94393 -0.54459 -0.94409
1 -0.66959 -0.25811 -0.94199
1 -0.58737 0.47366 -0.87781
1 0.6201 0.50082 0.1622
1 -0.0211 0.32338 0.51257
1 1.46095 1.02941 1.32322
1 1.06299 0.22396 0.74661
1 -0.14193 -0.52706 0.04944
1 -3.85084 -2.50069 -3.65719
1 0.3148 0.08278 -0.2207
1 0.2987 -0.36602 -0.00298
1 1.11127 -0.36631 1.22705
1 0.22173 0.64775 -0.14366
1 -1.92374 -0.98215 -2.13841
1 -0.64732 -0.42241 -0.98167
1 0.64927 1.26451 0.90522
1 -1.36814 0.03406 -1.72937
1 -0.15446 -0.37169 0.45954
1 -1.24137 0.31254 -0.5262
1 -0.30016 0.41411 0.04817
1 -0.19922 0.73621 0.5506
1 2.03358 1.2613 2.53309
1 -0.06822 -0.5044 -0.11308
1 0.04207 -0.89289 0.16144
1 -0.84545 0.01406 -1.15108
1 -0.42599 0.39482 -0.41036
1 -0.92201 -1.08877 -0.15355
1 -1.40224 -0.04702 -1.7519
1 -0.10168 -0.05735 -0.57887
1 0.19611 -0.1798 1.00416
1 0.905 1.08035 0.99931
1 1.26402 0.6798 0.98599
1 -0.09092 0.5046 -0.24639
1 0.87389 0.76591 1.36351
1 -0.76949 -0.51057 -0.96314
1 -0.52267 1.50007 -1.25081
1 0.63429 -0.03493 0.86408
1 -2.14001 -1.11385 -2.30467
1 -1.36145 -0.17096 -1.66507
1 -0.62868 0.23554 -0.4582
1 -0.25791 0.71703 -0.50096
1 -1.2351 -0.44387 -1.09364
1 0.17832 1.22029 0.10104
1 1.01947 0.08959 1.26699
1 0.16104 0.72824 0.09059
1 -2.29045 -1.52291 -2.81505
1 1.37061 -0.23124 1.64184
1 0.21633 -0.1331 0.64865
1 -0.31845 -0.04274 -0.15592
1 -2.32623 0.22568 -2.69551
1 0.63525 -0.57127 0.9115
1 -0.61868 -0.63308 -0.84703
1 0.87071 0.57463 1.4912
1 0.45206 0.70358 0.80719
1 0.12333 0.2529 0.40732
1 -0.83667 -0.30425 -0.45214
1 0.66172 0.97796 1.35522
1 0.27143 -0.17916 -0.64282
1 0.17021 1.68507 -0.05238
1 0.05781 0.54913 0.15486
1 1.20172 0.76283 1.01869
1 -0.14712 -0.28188 0.12882
1 0.30459 -0.28296 0.48249
1 -0.42287 0.04216 -0.062
1 0.12149 0.3152 -0.52665
1 -1.71662 -1.08456 -1.76418
1 -0.0948 0.11629 -0.19979
1 0.12481 0.0989 0.55619
1 -1.14007 -0.94004 -0.68963
1 -0.07761 -0.19455 0.10205
1 -0.80927 0.19442 -0.86884
1 -0.08863 -1.1955 0.18754
1 0.64392 0.74026 -0.04056
1 -2.49009 -0.19308 -2.49487
1 0.04818 -0.8621 0.67745
1 -1.36912 -1.38259 -0.95269
1 -1.35647 -1.80996 -1.66116
1 0.76906 0.38788 0.75015
1 0.77104 0.54114 0.42572
1 0.97985 1.20552 0.66103
1 -2.10661 -1.88852 -1.71504
1 0.90801 0.71384 0.60687
1 -0.24203 -0.27551 -0.29881
1 -1.07367 -0.51917 -0.89602
1 -2.01097 -1.02874 -2.38159
1 1.1451 -0.23081 0.67368
1 0.64746 1.76356 0.36247
1 1.0389 -0.56723 0.7613
1 -0.57566 -0.35905 -0.40794
1 -1.99064 -0.47527 -1.84965
1 -0.87244 0.45239 -1.20862
1 0.29685 -0.68091 0.16561
1 -0.89567 -1.16096 -1.0016
1 -1.53468 -0.53512 -1.72002
1 1.28799 -0.15383 0.54874
1 -1.04381 -0.74695 -1.13387
1 0.89991 -0.25206 0.10792
1 -0.19477 -0.24636 -0.15653
1 1.12561 1.28599 0.6329
1 -2.69871 -1.57592 -3.47743
1 0.15377 -0.24145 0.64619
1 -0.10945 -0.20994 0.63534
1 -0.09517 -1.46588 0.47314
1 -0.56906 0.11192 -1.32759
1 -2.21253 -0.85998 -1.54745
1 -0.12159 -0.2706 0.59243
1 0.62987 0.168 0.36172
1 0.18383 0.24439 0.61866
1 -0.00056 0.86905 -0.63134
1 -0.46202 -0.38057 -0.16681
1 2.38224 2.24636 1.82811
1 1.5963 -0.35255 1.51447
1 1.26996 -0.00015 1.35068
1 0.54382 0.17282 0.43797
1 1.32705 1.23593 0.5803
1 -1.07633 0.73519 -1.14576
1 -0.31982 -0.79374 -0.31399
1 0.83758 0.46814 1.09179
1 -0.04101 -0.27134 -0.41529
1 0.31992 0.02784 0.00261
1 -0.41345 -0.34913 -0.33468
1 0.50744 0.83396 0.62133
1 -1.20057 0.15555 -1.44493
1 1.81542 1.62173 1.50456
1 -0.79391 -0.2375 -0.58033
1 1.17909 0.29571 0.81644
1 -0.19261 0.02391 -0.12921
1 -1.27798 -0.65772 -1.66893
1 -0.38565 -0.2659 -0.63009
1 -1.19491 -1.31542 -0.79546
1 -0.53796 -0.44707 0.04906
1 0.53704 0.36583 0.78117
1 -1.00784 0.02523 -1.10042
1 -1.40682 -1.38327 -1.12363
1 -0.22407 -0.38113 -0.55943
1 -1.11567 -0.51921 -1.02991
1 -1.14398 -0.58655 -1.05402
1 0.36575 0.60889 -0.2479
1 -1.38584 -0.99456 -1.28176
1 2.86628 1.83966 2.3396
1 0.15035 -0.44109 0.68884
1 -0.62923 -1.632 0.23394
1 0.86213 0.57368 1.21205
1 1.44073 0.23074 0.85047
1 0.46624 -0.14549 0.64378
1 0.95444 0.52576 0.55023
1 0.45705 -0.31635 0.16681
1 -0.45267 0.05701 -0.84535
1 -0.11363 -0.56553 0.51042
1 -1.05748 -1.78631 -1.02262
1 0.74898 0.9605 0.03234
1 1.80109 0.47376 0.89604
1 -0.29034 -0.56152 -0.06352
1 -1.35645 -0.5146 -1.4807
1 0.87789 0.13874 1.3633
1 2.27743 0.73967 3.15313
1 0.05907 -0.03439 0.82455
1 1.84778 0.07916 1.81047
1 -0.08153 -0.44475 -0.07001
1 0.72512 -0.04187 1.0777
1 -0.23885 0.02179 -0.43124
1 0.46492 1.21492 0.85845
1 0.27119 -0.38428 0.32962
1 -0.96083 -0.10089 -1.19082
1 0.03319 -0.07721 0.63358
1 0.1756 0.78127 -0.24851
1 0.30042 0.51974 -0.00498
1 -0.44341 -0.55053 0.16852
1 0.61193 0.23393 0.89814
1 1.02272 0.39313 0.15163
1 2.22006 1.18066 1.70785
1 0.73077 0.88646 0.4598
1 0.23953 0.76665 -0.17971
1 -1.93574 -0.15698 -2.58843
1 -0.02275 -0.88732 -0.15255
1 -0.67447 -0.10571 -0.84229
1 0.40763 0.76728 0.33177
1 0.81801 0.14165 0.60622
1 -0.70915 -0.18682 0.01352
1 0.8956 0.85144 0.71925
1 1.45018 0.977 0.56762
1 0.54949 -0.73157 0.37273
1 -0.29901 -0.39415 -0.42301
1 -0.95557 -0.2482 -0.64712
1 0.02037 0.50346 0.15417
1 0.2506 -0.06991 0.27797
1 1.19617 -0.71908 1.30706
1 0.47144 0.34775 -0.20088
1 0.21935 -0.86046 0.76894
1 1.76047 0.90209 2.09147
1 -0.49911 -0.98593 -0.75771
1 -0.65549 -0.49644 -0.67195
1 0.82432 0.68098 0.07446
1 1.49572 0.24155 1.23826
1 -0.10661 -0.18819 -0.8145
1 1.75146 1.20388 1.72249
1 -0.81073 -0.35463 -0.88498
1 0.07477 -0.38569 -0.45889
1 0.13332 -1.62963 0.20476
1 -0.84319 -0.72874 -0.806
1 1.06435 -0.47245 0.70771
1 -0.7428 -1.35975 0.40295
1 0.14177 -0.22766 0.15999
1 0.71937 -0.26059 1.2927
1 -0.1303 -0.01079 0.09385
1 0.3179 -0.60498 0.84977
1 -0.01481 -0.82519 0.35452
1 0.15891 -0.29213 0.28429
1 0.29847 0.68872 -0.39792
1 1.01524 1.74642 0.20847
1 -1.9318 -0.6367 -2.74871
1 1.20923 0.94366 0.8693
1 -0.82425 -0.57269 -0.66415
1 -1.52444 -0.80842 -0.69128
1 -0.70439 0.44654 -0.36785
1 0.73253 0.49174 0.84546
1 0.61383 -0.67238 0.35981
1 -0.53426 -0.97616 -0.84939
1 0.89494 -0.90609 1.4082
1 -0.00119 0.08454 -0.6387
1 0.17628 0.82178 0.40985
1 -0.46654 -0.3304 -0.87117
1 0.38397 1.07888 0.35444
1 0.25955 0.2765 0.13562
1 -0.80896 -0.15662 -0.7242
1 0.41011 0.85171 0.94839
1 -0.79548 0.04337 -0.81613
1 0.72481 0.76657 0.50567
1 -0.92744 0.72731 -0.76051
1 -0.55052 0.69008 -0.48857
1 1.50206 1.75789 0.99438
1 0.60633 0.18855 0.25883
1 -0.29481 -0.73777 1.43489
1 -0.26053 -0.01384 -0.67105
1 1.50809 1.97741 1.71076
1 0.29963 -0.323 0.31747
1 -0.46341 -0.65882 -0.60466
1 0.68159 0.50743 0.60257
1 0.7268 0.5555 0.38234
1 0.78982 0.45277 0.13448
1 0.2505 0.11461 0.4424
1 0.90812 0.28535 1.22947
1 -0.68125 -0.06527 -1.05235
1 -0.31475 -0.01388 -1.2193
1 0.52671 0.13371 -0.09774
1 0.58991 -0.14866 1.10304
1 -0.25898 1.10919 -0.14856
1 1.18641 0.01394 0.99122
1 0.50677 -0.4166 0.80516
1 0.72516 0.12914 1.38428
1 -0.59825 -0.02872 0.23827
1 -0.08608 -0.12186 -0.01116
1 1.09386 1.00452 0.56179
1 -1.00613 -0.83524 -1.80172
1 0.27166 0.2364 0.0142
1 2.66321 1.83014 1.96731
1 -0.30276 0.13405 -0.70016
1 1.20721 0.04899 1.32083
1 0.37391 0.70318 0.6704
1 0.45998 0.69807 0.03214
1 0.32351 0.16656 0.23576
1 0.8201 0.37574 0.68947
1 1.00905 1.19817 0.53289
1 2.59307 2.17876 1.99299
1 -1.14833 -0.43585 -0.96505
1 0.34146 0.81495 0.36425
1 -1.03193 -2.45778 0.13788
1 0.52587 0.14947 -0.1555
1 -1.08529 -0.24254 -1.0205
1 -0.66261 -0.57814 0.21459
1 1.31684 1.81679 1.01349
1 1.78473 0.42162 1.53997
1 1.80826 1.72808 1.24714
1 0.78884 1.02779 0.30458
1 0.24793 4.68772 0.79636
1 1.71959 4.60944 2.47558
1 4.11272 4.89458 4.54774
1 -0.30541 4.49406 0.89858
1 3.64085 6.07164 4.19152
1 2.69986 3.53878 3.62666
1 3.9296 4.44171 4.98667
1 1.70022 3.94078 2.97839
1 2.32281 4.04259 4.30435
1 0.70549 3.80465 0.88977
1 4.21298 5.32465 4.78522
1 1.11013 3.82001 2.12574
1 0.94427 2.81545 2.62317
1 1.57361 3.76471 2.42851
1 0.73856 3.46169 1.28699
1 1.80152 2.97346 3.10092
1 2.8426 4.39316 4.28173
1 3.49338 4.79692 3.98982
1 2.82902 5.08906 3.45618
1 3.23124 4.23321 3.95195
1 2.14283 4.91758 3.94094
1 1.70896 4.25772 2.09521
1 2.71202 4.38609 3.85062
1 1.57975 2.41726 3.05457
1 0.64085 2.83428 1.4464
1 1.77345 4.70533 2.35526
1 2.20504 4.7889 3.23809
1 2.23258 4.82685 3.26597
1 1.85987 5.48522 2.88895
1 3.15665 4.61174 3.58914
1 3.09055 4.66374 3.44954
1 2.60848 5.78842 2.93864
1 2.90766 4.52165 3.45365
1 1.5728 2.93755 2.77487
1 0.3798 2.34222 1.09648
1 2.14146 3.77944 3.68934
1 2.19586 3.68687 3.29726
1 1.9217 4.55244 2.81669
1 3.25341 4.18957 3.68091
1 3.45445 5.42368 3.67214
1 2.54192 4.55686 3.09964
1 0.20636 2.60308 1.39195
1 3.19384 5.70708 4.58885
1 1.12886 4.05468 2.65558
1 2.2194 4.28765 3.48049
1 3.0207 5.51409 4.32581
1 -0.55971 2.54127 0.18209
1 1.03121 2.56529 1.89127
1 0.05295 3.46525 0.68122
1 1.45756 3.50689 2.6885
1 4.40515 5.54887 5.21752
1 2.02089 3.87598 2.02813
1 1.05282 2.31435 2.54283
1 2.52804 3.10815 3.8003
1 2.24868 4.33178 2.628
1 1.68815 3.54323 3.21382
1 1.37178 3.56751 2.75567
1 3.8449 4.49123 4.0228
1 1.88153 2.83653 3.39813
1 1.7338 3.6817 2.7464
1 2.89742 4.48476 4.22399
1 1.37849 4.00698 1.72938
1 2.91087 5.74167 3.92687
1 2.8935 4.64911 4.46151
1 1.14904 3.57942 2.1742
1 0.45779 3.41077 1.55187
1 2.72486 4.24834 4.21024
1 2.82321 5.22611 3.50909
1 3.38191 3.50239 4.39871
1 0.97293 3.17896 2.50901
1 1.46918 3.51748 1.50891
1 2.65464 3.94901 3.32045
1 1.9496 3.74428 2.48372
1 -0.30771 3.17941 0.6159
1 1.65503 4.40414 3.49245
1 1.0312 2.73951 1.47014
1 1.01603 2.73157 2.42852
1 1.26847 2.65889 2.14547
1 2.35095 3.27762 3.763
1 3.0748 4.45676 3.70101
1 3.1659 4.81776 4.25157
1 2.52039 4.58972 3.81819
1 1.32968 3.40209 2.72046
1 2.87836 3.94823 3.86624
1 2.37234 4.06379 3.88807
1 3.19098 4.99635 4.19991
1 2.55872 5.11675 3.25298
1 2.34972 3.01059 3.39967
1 0.69593 2.8552 1.44135
1 1.49195 3.27404 2.8717
1 2.54525 4.63579 3.89933
1 0.46764 3.61206 1.47074
1 0.92425 3.48145 1.8077
1 1.43851 3.31543 2.57634
1 2.19593 4.19561 3.82917
1 2.58167 4.52165 4.16865
1 2.2701 5.35115 2.87358
1 2.32327 3.96634 3.59757
1 2.08713 4.63743 3.02822
1 1.1051 5.20863 2.19952
1 2.50333 3.43579 3.80412
1 1.54319 4.34965 1.9876
1 2.11327 3.09675 2.41926
1 1.60429 4.1535 2.93224
1 3.56162 3.93663 5.17959
1 2.39381 4.02024 3.12598
1 2.50124 3.84711 3.41739
1 1.90456 3.15256 2.84199
1 2.48858 5.08352 3.88866
1 2.18331 4.06299 3.22413
1 -0.92669 2.45613 0.50557
1 0.07247 2.72485 1.07654
1 1.40094 3.15427 2.98937
1 2.1747 3.68132 3.22243
1 2.20734 4.06808 4.10982
1 3.97616 4.7585 4.29378
1 1.99575 4.16327 2.21751
1 0.80665 3.25207 1.72436
1 -0.13944 3.01693 1.29627
1 3.89545 4.57289 4.5783
1 1.00007 4.76503 2.13008
1 2.98371 4.45059 3.68993
1 4.05637 5.95678 4.66904
1 2.14066 4.40471 3.26974
1 2.34989 4.45661 2.46049
1 2.26322 3.84695 4.0969
1 3.75105 4.95319 4.62251
1 0.31747 3.50302 1.69661
1 2.3103 4.26529 3.42523
1 2.02293 4.19459 3.50477
1 3.05055 3.89652 4.17743
1 0.88556 2.67735 2.3077
1 2.32781 3.86703 2.88847
1 1.37885 4.13916 1.986
1 2.57241 3.89001 3.08073
1 2.95532 5.25056 3.31328
1 1.95564 4.43347 3.89913
1 1.28111 4.06795 2.78397
1 -0.05794 3.32729 0.73616
1 1.42113 2.84476 2.63503
1 2.26542 3.95178 2.42461
1 2.46538 4.00543 3.26216
1 2.00323 3.77971 2.80079
1 2.92806 4.39849 3.02831
1 2.65225 4.81916 4.40846
1 0.07419 3.23223 0.26828
1 2.77689 4.43261 4.51938
1 3.72655 4.82738 3.9721
1 2.117 5.01808 2.91394
1 1.3339 3.20015 2.6332
1 2.51788 4.81327 3.8057
1 3.15718 4.81442 3.60879
1 2.36535 4.46241 3.3289
1 0.92213 2.9392 2.45556
1 0.56297 3.37422 1.40241
1 2.13069 4.88961 2.57561
1 3.84512 4.65784 4.662
1 4.79879 5.91558 5.36208
1 1.7826 3.88608 2.20581
1 2.09983 4.06433 2.69683
1 1.82376 2.96675 2.7463
1 2.84753 4.71741 4.02941
1 1.15012 2.20695 2.5037
1 1.75388 5.11988 2.39996
1 1.70868 4.50367 2.68561
1 0.84375 2.9168 2.67123
1 -0.15622 2.91279 1.33051
1 4.17314 5.64682 4.18073
1 1.76803 4.13454 3.27509
1 4.70599 5.36001 5.37866
1 2.8291 4.26397 4.26814
1 2.52815 3.7053 3.80752
1 2.93124 4.36101 3.99916
1 1.39301 3.66496 1.8632
1 2.33364 3.69539 3.52979
1 1.37827 4.3489 1.92817
1 2.47191 4.52004 3.18816
1 1.93182 4.03385 3.27052
1 3.01616 4.73188 4.47042
1 3.55512 4.25013 4.44257
1 0.72243 2.9701 2.47925
1 2.31557 4.65215 3.07689
1 1.10011 4.14626 2.34014
1 -0.01538 3.23831 1.36138
1 2.64076 5.30078 4.20319
1 1.9077 2.82399 3.00731
1 1.9204 2.37779 3.16087
1 2.03885 3.7229 3.00227
1 1.3793 4.94969 2.22508
1 1.30817 3.97947 2.5203
1 1.52464 3.23425 1.88655
1 1.50127 5.14637 3.3655
1 2.03969 3.98378 2.83237
1 1.22473 3.78103 3.16655
1 3.27286 5.70815 3.72907
1 1.28131 3.20596 2.30796
1 1.75844 3.52571 3.23478
1 3.04088 3.67117 3.19247
1 2.30617 4.5341 3.46109
1 0.90968 2.49098 2.15482
1 1.36119 3.10918 2.70208
1 1.37251 3.65692 2.76629
1 2.60626 4.1661 4.6354
1 1.59546 4.74054 2.92241
1 0.56167 3.87533 2.2721
1 -0.02867 4.31693 1.15685
1 3.18716 4.50576 4.61639
1 3.01865 5.0372 4.03695
1 3.20367 5.98469 3.61938
1 1.91462 3.09516 3.49727
1 2.45514 2.97503 2.88616
1 1.55808 3.43192 2.51605
1 1.46121 3.82225 2.51359
1 1.43615 4.68805 2.77414
1 0.46921 3.14693 1.3292
1 0.41246 3.49075 1.56181
1 2.76153 3.31738 4.05985
1 1.40619 3.84449 2.05898
1 1.51268 4.24413 2.09281
1 1.7558 4.05561 2.58353
1 2.29033 4.34307 3.53575
1 2.8502 5.13206 3.55138
1 1.46777 3.55455 2.81252
1 1.90099 3.5971 2.84679
1 2.19158 4.32296 2.91651
1 0.33744 2.97873 2.09744
1 2.15822 5.22885 3.56637
1 1.97364 3.90766 2.69269
1 2.34877 3.30101 3.50259
1 1.97799 4.35833 2.29773
1 1.24732 3.25277 2.53406
1 0.2422 2.49655 1.68702
1 3.2973 4.93956 3.96522
1 -0.02828 2.77357 1.35707
1 1.10008 3.22962 1.94007
1 3.30326 6.34279 4.64794
1 1.6226 4.15394 2.25638
1 2.6115 3.59486 3.34885
1 0.06484 3.57348 0.81973
1 3.31891 4.16343 4.68739
1 2.45498 5.23772 3.3232
1 2.63808 4.85833 3.1869
1 0.49763 3.26337 1.92861
1 1.78737 3.67408 1.99051
1 4.78858 5.91924 5.68743
1 2.28145 3.47267 3.49674
1 3.30635 5.34953 3.55129
1 0.94861 4.30926 2.7239
1 -0.29731 2.19616 0.9437
1 2.43175 4.31268 2.26676
1 2.14651 3.48664 3.31241
1 1.75245 3.86546 2.63865
1 1.89445 3.55645 3.15145
1 2.35619 4.43646 3.06418
1 2.03266 3.63821 3.3507
1 2.5949 4.21257 3.56505
1 1.6205 3.35435 1.89125
1 1.0774 3.89501 2.34134
1 2.49792 4.84638 3.02178
1 1.91566 3.88268 2.94647
1 0.6014 3.03038 2.19709
1 2.75955 5.45568 3.91492
1 3.54319 5.26803 4.30594
1 5.51434 5.64373 6.86841
1 0.48906 3.4397 0.63975
1 1.99153 4.80425 2.91008
1 0.83588 3.06731 2.23083
1 2.54883 4.6574 3.3754
1 0.54519 3.07561 1.32736
1 0.57912 4.09723 1.31239
1 2.84177 4.80154 3.8511
1 2.80611 4.06395 3.52284
1 1.48521 3.85327 3.42653
1 1.42279 3.15616 2.74588
1 1.84382 3.3157 3.47313
1 1.86179 3.33174 2.98435
1 1.12885 4.38326 2.97751
1 1.35229 3.37638 2.08298
1 3.48843 4.36154 4.55658
1 2.0329 3.91718 2.9492
1 2.65145 3.8843 3.60275
1 0.87887 3.37228 2.03234
1 2.06865 3.57322 3.94533
1 2.89277 4.71742 3.54867
1 0.4599 2.22763 1.76834
1 3.39432 4.56192 4.30535
1 3.10918 4.43659 4.25239
1 2.50107 5.08377 3.38128
1 -0.66879 1.82754 0.55929
1 2.30587 2.90759 3.83982
1 2.15151 5.12231 2.64162
1 1.85913 4.44863 2.64403
1 2.05126 4.30694 3.29138
1 2.24634 4.16701 2.79675
1 2.05155 4.53261 2.58708
1 3.06185 4.33761 4.57572
1 2.50462 4.03679 3.17381
1 3.45301 4.19622 4.80664
1 1.17244 2.50888 1.7821
1 2.12892 3.68606 3.11453
1 2.83883 4.43473 3.4512
1 1.3349 3.10945 3.06557
1 2.76419 3.65491 4.40115
1 0.51282 3.24084 0.82771
1 1.62863 4.15138 2.13208
1 2.50589 3.95664 3.96645
1 3.45103 5.15917 4.49423
1 0.07322 3.28686 1.60633
1 4.09229 4.13918 4.16745
1 1.77856 4.14731 2.35418
1 1.97065 4.76259 3.0671
1 3.93802 4.69545 5.13301
1 2.82352 4.59251 4.02708
1 2.31085 4.03033 3.53993
1 2.88502 5.64032 2.89867
1 2.40151 4.4542 3.42056
1 1.30539 3.57994 2.15141
1 2.32644 4.42235 3.09428
1 2.50795 3.94685 3.94962
1 3.10696 3.83957 3.65705
1 2.55447 4.56647 3.37725
1 2.08582 3.44463 3.23464
1 2.347 5.00715 2.51174
1 0.54624 3.01635 1.39595
1 1.58315 3.84307 1.9774
1 3.53554 4.31544 4.44625
1 1.32981 4.27234 2.66527
1 0.90223 3.19219 1.99702
1 3.16929 6.15012 4.20483
1 2.06383 3.95232 2.70805
1 1.55835 4.02037 2.10092
1 1.55627 3.17301 2.22781
1 -0.12541 3.1596 1.64674
1 0.98972 4.64798 1.60542
1 0.04739 2.71039 0.61444
1 2.09207 5.58214 2.19033
1 3.3672 4.92902 4.4955
1 2.93832 4.43609 3.60802
1 2.13734 4.15432 3.38288
1 2.20852 3.7416 3.09659
1 2.73147 4.54482 4.39949
1 1.10208 3.89261 2.38727
1 1.25335 2.76561 2.10059
1 1.97136 4.41632 3.1371
1 2.42493 5.15621 2.88903
1 5.29047 5.89871 6.71831
1 2.58511 3.78873 3.99316
1 2.41944 5.12296 2.67498
1 1.2318 2.91251 2.45987
1 1.5468 2.95927 2.76526
1 2.05303 3.70763 2.68453
1 2.08221 4.93259 2.85111
1 1.83857 3.89405 2.94705
1 1.2838 4.54758 2.38926
1 3.49017 4.4114 4.31963
1 3.16765 5.52382 3.24844
1 2.66715 4.35377 3.78696
1 1.24923 3.67544 2.10388
1 2.23263 3.47298 3.66877
1 1.96388 3.42498 3.30495
1 0.61004 3.37796 2.08725
1 2.5531 5.19943 3.04172
1 1.34046 2.73533 2.05299
1 0.65104 3.19143 1.10752
1 1.90975 2.94136 3.66749
1 1.52376 3.45542 2.04492
1 1.78017 4.2421 3.04444
1 0.95688 3.41272 2.07519
1 1.78104 3.79671 2.35824
1 0.88452 3.15469 2.81322
1 3.56032 4.58218 3.7512
1 5.35466 5.54619 6.85526
1 2.66108 3.67709 3.8149
1 0.37913 2.06168 1.85882
1 1.48502 2.6742 1.96662
1 2.11517 5.3423 3.12333
1 1.38627 2.69387 2.69065
1 1.61612 3.44819 3.04201
1 -0.02053 2.85523 1.11337
1 1.29085 3.02359 2.57971
1 2.40831 3.82583 3.30982
1 2.73452 5.08562 3.24027
1 1.58769 4.08527 1.89275
1 1.36784 2.85561 1.4416
1 -0.24432 3.16128 1.42315
1 1.44608 3.63753 3.77105
1 1.9862 3.93604 3.19051
1 2.23766 4.22777 2.21101
1 1.92206 4.15372 3.03452
1 1.53391 4.47854 2.67663
1 1.74106 3.54159 2.63116
1 0.09243 2.79251 0.94251
1 0.88554 3.02997 1.08215
1 3.24745 5.09301 4.71943
1 2.79965 4.34468 3.7228
1 2.92396 3.96805 3.70667
1 1.76289 4.02588 3.60983
1 1.64841 2.40342 2.65362
1 1.93979 4.0612 3.54409
1 0.61742 2.72813 1.62355
1 0.7336 3.00465 1.72786
1 2.8383 5.09157 2.50777
1 3.42532 4.51628 4.75828
1 -0.13318 2.75796 1.0371
1 2.48416 3.43252 2.99603
1 2.72609 4.00541 3.81528
1 0.93437 2.41919 2.18585
1 1.39753 3.40375 2.43662
1 3.35947 4.43073 4.21792
1 2.55392 4.3723 3.18224
1 2.68426 4.87358 3.75806
1 1.65525 4.26553 3.09876
1 1.70175 3.67045 2.36795
1 1.872 4.42708 2.67915
1 1.38567 3.14647 2.85176
1 2.38008 4.12853 3.67231
1 4.10491 6.25867 5.07318
1 3.5789 4.5415 4.42355
1 1.46708 4.25763 2.73379
1 3.40946 5.71776 3.74231
1 2.44442 4.24816 3.71603
1 -0.5599 2.12391 1.39597
1 1.17539 2.00282 2.35658
1 3.03921 3.97792 3.95038
1 1.72469 3.38541 3.18575
1 0.62723 3.12967 2.01408
1 1.83583 3.32877 3.05333
1 0.87193 3.68017 1.85045
1 1.00672 2.31406 2.10112
1 2.99365 5.07816 2.88618
1 2.86497 2.95991 4.45858
1 2.79431 5.12959 3.37725
1 1.55161 3.0714 3.26481
1 1.30939 4.47278 2.04126
1 2.8139 5.38428 4.60351
1 3.52639 4.91838 4.70683
1 3.00006 4.09823 3.78928
1 2.67467 4.68377 3.43909
1 2.65219 4.56067 3.56385
1 2.45761 3.89162 3.97067
1 0.85593 3.7257 1.98183
1 2.615 4.26381 3.88409
1 0.85396 2.87656 2.09569
1 1.52947 3.97615 2.76853
1 1.93365 4.04703 2.28927
1 1.27998 4.11275 2.10955
1 2.95658 4.60327 4.12685
1 2.63526 4.19477 3.6942
1 1.90482 4.29548 2.82583
1 2.43093 3.29658 3.57349
1 2.30035 4.8016 3.34902
1 1.73829 3.11803 3.07074
1 0.68518 3.41624 2.1594
1 2.84613 4.71554 3.19101
1 2.44016 3.91586 3.54088
1 0.96656 3.76966 2.58185
1 2.06418 4.3104 3.33353
1 1.67856 3.27125 2.77674
1 1.03276 3.80029 1.70562
1 0.71214 2.95529 2.23545
1 2.46677 5.2109 3.00338
1 2.93106 3.93151 3.89125
1 1.64925 4.26714 2.98489
1 2.81822 4.43944 4.30724
1 2.23078 4.87587 2.55438
1 0.75694 3.57291 2.34612
1 2.96374 3.86971 4.6892
1 0.40598 3.88311 0.95734
1 -0.06474 4.04639 1.00339
1 1.64637 4.4878 2.79889
1 -0.00523 2.74332 1.27904
1 3.72919 3.99786 4.46175
1 3.14468 4.81595 3.73982
1 3.46668 4.9893 4.05213
1 0.92967 4.01822 1.87701
1 2.56873 4.19619 3.04895
1 2.23057 3.53679 3.41746
1 2.48745 4.01588 2.83105
1 3.08749 4.18323 3.6887
1 1.02702 2.53752 2.19927
1 2.10211 4.08682 3.56687
1 4.70127 5.30754 5.65376
1 1.10909 3.25505 1.98655
1 1.21188 3.41162 2.03893
1 1.57277 4.13779 3.1302
1 0.62455 3.46722 1.64114
1 2.05067 3.25005 2.81588
1 -0.23777 2.43608 1.17809
1 2.98506 4.30341 3.65954
1 1.20934 3.48232 2.25618
1 1.69615 5.1307 2.22678
1 3.22741 3.87712 4.22126
1 1.82609 3.59427 2.58515
1 3.17857 4.7285 3.99013
1 1.69369 4.38475 2.05297
1 3.5046 4.39915 3.89906
1 1.50772 4.2103 2.02734
1 1.53869 3.47885 2.40606
1 1.4301 2.86183 2.10036
1 3.21199 4.6635 4.03349
1 1.94781 2.9836 3.00256
1 2.67939 4.0707 4.24563
1 1.7323 4.30153 2.73809
1 1.66534 2.37499 3.02547
1 1.27751 4.49352 3.01973
1 3.73317 4.9454 4.48923
1 2.09327 3.84415 2.43971
1 2.5359 3.96004 3.83529
1 1.29382 3.0944 3.01709
1 3.13858 4.4398 4.26268
1 2.64324 4.38123 3.66128
1 1.04386 3.76691 2.12455
